image: map_origin.pgm
resolution: 0.050000
origin: [-28.122561, -23.127436, 0.000000]
negate: 0
occupied_thresh: 0.65
free_thresh: 0.196

